080001 0a0002 090003 0a0300 000000 000000 000000 000000 000000 000000 000000 000000 000000 000000 000000 000000
000000 000000 000000 000000 000000 000000 000000 000000 000000 000000 000000 000000 000000 000000 000000 000000
000000 000000 000000 000000 000000 000000 000000 000000 000000 000000 000000 000000 000000 000000 000000 000000
000000 000000 000000 000000 000000 000000 000000 000000 000000 000000 000000 000000 000000 000000 000000 000000
000000 000000 000000 000000 000000 000000 000000 000000 000000 000000 000000 000000 000000 000000 000000 000000
000000 000000 000000 000000 000000 000000 000000 000000 000000 000000 000000 000000 000000 000000 000000 000000
000000 000000 000000 000000 000000 000000 000000 000000 000000 000000 000000 000000 000000 000000 000000 000000
000000 000000 000000 000000 000000 000000 000000 000000 000000 000000 000000 000000 000000 000000 000000 000000
000482 200000 500000 000000 000486 000000 600000 000000 100000 000000 000000 000000 d0008d 900000 000000 000000
a00091 e00000 000000 000000 010000 000000 000000 000000 020000 000000 000000 000000 10009d c00000 000000 000000
1000a1 b00000 000000 000000 030000 000000 000000 000000 040000 000000 000000 000000 050000 000000 000000 000000
060000 000000 000000 000000 070000 000000 000000 000000 000400 300000 000000 000000 000400 000cbf 000000 300000
000400 000c00 300000 000000 000400 d000c6 7000c7 300000 8000c9 e00000 000000 000000